maxAccelTime = 0.678566, maxAccelDist = 1644.505740
v > w
distanceDecrease = 1367.025619, distanceNoChangeSpeed = -334.531359
timeReachSign=0.865763,speedReachSign=6184.142786
speedDifferene = 4193.142786,timeDecreaseSpeed = 0.293514
timeAccel = 0.643132
ansFirst = 1.007530, ansSecond = 0.430567
1.438097
